15 14
205 405 105 205 005 105 525 035 005 205 005 205 105 005
505 405 105 105 005 005 025 005 305 005 005 305 305 105
205 005 025 015 005 005 005 105 005 215 405 005 005 005
005 205 005 005 005 105 005 105 125 005 005 105 205 105
305 005 005 305 035 005 005 005 405 005 005 005 205 205
015 105 025 505 005 005 005 005 005 035 005 105 005 005
005 205 005 025 005 005 305 005 305 005 105 105 005 205
005 005 005 005 025 005 015 005 315 005 105 505 405 325
405 005 405 005 005 005 005 035 205 005 005 005 005 005
005 035 005 005 305 015 005 005 005 005 105 205 005 105
035 005 105 005 105 005 005 015 005 005 005 325 305 105
205 035 005 005 305 105 305 305 005 105 005 005 005 105
205 325 005 005 105 005 005 105 005 005 205 035 005 005
005 025 005 205 405 405 205 025 005 235 005 005 125 035
005 505 305 005 005 005 005 005 025 205 205 305 005 005
player_1 1 420
player_2 2 420
player_3 3 420